,data,startTime,delta_T,value
0,2021-02-10,18:24:17,5,5.0360688
1,2021-02-10,18:24:22,2,7.554096
2,2021-02-10,18:24:24,3,7.014444
3,2021-02-10,18:24:27,2,7.262748
4,2021-02-10,18:24:29,3,6.828228
5,2021-02-10,18:24:32,2,9.89649
6,2021-02-10,18:24:34,3,8.327544
7,2021-02-10,18:24:37,3,8.45868
8,2021-02-10,18:24:40,2,10.791144
9,2021-02-10,18:24:42,3,8.261964
10,2021-02-10,18:24:45,2,10.706832
11,2021-02-10,18:24:47,3,7.60626
12,2021-02-10,18:24:50,2,9.577242
13,2021-02-10,18:24:52,3,7.3869
14,2021-02-10,18:24:55,2,9.736866
15,2021-02-10,18:24:57,5,7.87752
16,2021-02-10,18:25:02,3,11.508576
17,2021-02-10,18:25:05,3,7.635192
18,2021-02-10,18:25:08,2,9.49743
19,2021-02-10,18:25:10,3,6.704076
20,2021-02-10,18:25:13,2,7.023312
21,2021-02-10,18:25:15,3,6.145404
22,2021-02-10,18:25:18,2,11.452788
23,2021-02-10,18:25:20,3,6.491244
24,2021-02-10,18:25:23,3,7.945572
25,2021-02-10,18:25:26,4,15.24771
26,2021-02-10,18:25:30,1,18.808668
27,2021-02-10,18:25:31,2,9.976302
28,2021-02-10,18:25:33,3,7.82142
29,2021-02-10,18:25:36,2,11.639016
30,2021-02-10,18:25:38,3,7.573116
31,2021-02-10,18:25:41,8,2.9852235
32,2021-02-10,18:25:49,3,8.982396
33,2021-02-10,18:25:52,3,7.316316
34,2021-02-10,18:25:55,3,7.96194
35,2021-02-10,18:25:58,3,8.302092
36,2021-02-10,18:26:01,3,8.308128
37,2021-02-10,18:26:04,3,7.389516
38,2021-02-10,18:26:07,2,12.788694
39,2021-02-10,18:26:09,2,11.3472
40,2021-02-10,18:26:11,3,10.786176
41,2021-02-10,18:26:14,3,10.236552
42,2021-02-10,18:26:17,7,2.69698628571
43,2021-02-10,18:26:24,2,9.42093
44,2021-02-10,18:26:26,3,8.039088
45,2021-02-10,18:26:29,3,8.470104
46,2021-02-10,18:26:32,6,4.039464
47,2021-02-10,18:26:38,2,11.29032
48,2021-02-10,18:26:40,3,8.909172
49,2021-02-10,18:26:43,2,10.926198
50,2021-02-10,18:26:45,2,12.700422
51,2021-02-10,18:26:47,3,8.889012
52,2021-02-10,18:26:50,2,10.927422
53,2021-02-10,18:26:52,3,8.338704
54,2021-02-10,18:26:55,7,3.32240914286
55,2021-02-10,18:27:02,2,9.124074
56,2021-02-10,18:27:04,3,7.20984
57,2021-02-10,18:27:07,2,9.14706
58,2021-02-10,18:27:09,2,9.296262
59,2021-02-10,18:27:11,2,9.873216
60,2021-02-10,18:27:13,2,11.207412
61,2021-02-10,18:27:15,2,9.368514
62,2021-02-10,18:27:17,3,6.031584
63,2021-02-10,18:27:20,3,6.938976
64,2021-02-10,18:27:23,3,6.663708
65,2021-02-10,18:27:26,2,9.981504
66,2021-02-10,18:27:28,2,12.111336
67,2021-02-10,18:27:30,2,13.818222
68,2021-02-10,18:27:32,2,11.776644
69,2021-02-10,18:27:34,2,11.893662
70,2021-02-10,18:27:36,2,10.034442
71,2021-02-10,18:27:38,2,9.419256
72,2021-02-10,18:27:40,2,9.841194
73,2021-02-10,18:27:42,2,10.287864
74,2021-02-10,18:27:44,2,10.15929
75,2021-02-10,18:27:46,2,9.367884
76,2021-02-10,18:27:48,3,7.076412
77,2021-02-10,18:27:51,3,9.4311
78,2021-02-10,18:27:54,3,8.569092
79,2021-02-10,18:27:57,3,8.502144
80,2021-02-10,18:28:00,2,9.830052
81,2021-02-10,18:28:02,3,6.128844
82,2021-02-10,18:28:05,2,9.221652
83,2021-02-10,18:28:07,2,12.451662
84,2021-02-10,18:28:09,2,11.718018
85,2021-02-10,18:28:11,2,11.818314
86,2021-02-10,18:28:13,2,9.736164
87,2021-02-10,18:28:15,2,10.21491
88,2021-02-10,18:28:17,3,9.383124
89,2021-02-10,18:28:20,2,10.41579
90,2021-02-10,18:28:22,2,11.04309
91,2021-02-10,18:28:24,2,10.339002
92,2021-02-10,18:28:26,2,11.666106
93,2021-02-10,18:28:28,2,11.821284
94,2021-02-10,18:28:30,2,10.729962
95,2021-02-10,18:28:32,3,8.723268
96,2021-02-10,18:28:35,3,8.52966
97,2021-02-10,18:28:38,2,10.649376
98,2021-02-10,18:28:40,2,10.518174
99,2021-02-10,18:28:42,2,10.129698
100,2021-02-10,18:28:44,2,10.73394
101,2021-02-10,18:28:46,2,10.89981
102,2021-02-10,18:28:48,2,9.376848
103,2021-02-10,18:28:50,3,8.598588
104,2021-02-10,18:28:53,4,6.444216
105,2021-02-10,18:28:57,2,10.461564
106,2021-02-10,18:28:59,2,13.47039
107,2021-02-10,18:29:01,2,11.528226
108,2021-02-10,18:29:03,2,10.258938
109,2021-02-10,18:29:05,2,11.841714
110,2021-02-10,18:29:07,2,10.397142
111,2021-02-10,18:29:09,3,9.234876
112,2021-02-10,18:29:12,2,11.304216
113,2021-02-10,18:29:14,3,9.972732
114,2021-02-10,18:29:17,2,9.628056
115,2021-02-10,18:29:19,2,9.559908
116,2021-02-10,18:29:21,3,8.885328
117,2021-02-10,18:29:24,3,7.776072
118,2021-02-10,18:29:27,3,7.602024
119,2021-02-10,18:29:30,3,6.734124
120,2021-02-10,18:29:33,2,9.21681
121,2021-02-10,18:29:35,3,8.464764
122,2021-02-10,18:29:38,3,8.679
123,2021-02-10,18:29:41,3,8.539344
124,2021-02-10,18:29:44,2,9.338868
125,2021-02-10,18:29:46,2,9.070164
126,2021-02-10,18:29:48,2,10.21131
127,2021-02-10,18:29:50,2,9.037296
128,2021-02-10,18:29:52,3,7.149948
129,2021-02-10,18:29:55,3,8.883564
130,2021-02-10,18:29:58,3,8.821728
131,2021-02-10,18:30:01,3,9.162912
132,2021-02-10,18:30:04,2,10.03365
133,2021-02-10,18:30:06,2,11.08971
134,2021-02-10,18:30:08,2,9.698094
135,2021-02-10,18:30:10,2,10.045854
136,2021-02-10,18:30:12,3,8.872452
137,2021-02-10,18:30:15,3,8.630124
138,2021-02-10,18:30:18,3,11.758488
139,2021-02-10,18:30:21,3,6.69792
140,2021-02-10,18:30:24,3,7.981056
141,2021-02-10,18:30:27,3,8.570256
142,2021-02-10,18:30:30,3,7.801344
143,2021-02-10,18:30:33,3,6.398556
144,2021-02-10,18:30:36,2,10.226502
145,2021-02-10,18:30:38,2,9.059238
146,2021-02-10,18:30:40,2,9.479682
147,2021-02-10,18:30:42,3,7.93878
148,2021-02-10,18:30:45,3,12.78168
149,2021-02-10,18:30:48,3,8.8686
150,2021-02-10,18:30:51,2,9.432882
151,2021-02-10,18:30:53,3,6.466836
152,2021-02-10,18:30:56,3,7.060488
153,2021-02-10,18:30:59,3,7.727232
154,2021-02-10,18:31:02,3,7.508592
155,2021-02-10,18:31:05,8,2.40264
156,2021-02-10,18:31:13,2,11.159514
157,2021-02-10,18:31:15,2,10.693728
158,2021-02-10,18:31:17,2,10.973466
159,2021-02-10,18:31:19,2,11.844846
160,2021-02-10,18:31:21,2,10.000494
161,2021-02-10,18:31:23,3,9.315612
162,2021-02-10,18:31:26,2,12.152214
163,2021-02-10,18:31:28,2,12.508902
164,2021-02-10,18:31:30,2,13.081554
165,2021-02-10,18:31:32,2,12.048714
166,2021-02-10,18:31:34,2,9.396972
167,2021-02-10,18:31:36,2,10.532934
168,2021-02-10,18:31:38,2,11.231568
169,2021-02-10,18:31:40,2,12.316824
170,2021-02-10,18:31:42,2,12.418038
171,2021-02-10,18:31:44,2,13.218336
172,2021-02-10,18:31:46,2,13.809762
173,2021-02-10,18:31:48,2,12.653496
174,2021-02-10,18:31:50,2,12.577734
175,2021-02-10,18:31:52,2,11.79954
176,2021-02-10,18:31:54,2,11.319048
177,2021-02-10,18:31:56,3,8.295048
178,2021-02-10,18:31:59,2,9.186174
179,2021-02-10,18:32:01,2,9.36531
180,2021-02-10,18:32:03,3,10.214028
181,2021-02-10,18:32:06,2,10.077714
182,2021-02-10,18:32:08,2,11.049876
183,2021-02-10,18:32:10,2,13.186818
184,2021-02-10,18:32:12,2,13.946544
185,2021-02-10,18:32:14,2,11.286648
186,2021-02-10,18:32:16,2,10.963386
187,2021-02-10,18:32:18,2,10.89108
188,2021-02-10,18:32:20,2,10.831248
189,2021-02-10,18:32:22,3,6.148572
190,2021-02-10,18:32:25,4,5.735637
191,2021-02-10,18:32:29,3,7.732068
192,2021-02-10,18:32:32,3,8.109852
193,2021-02-10,18:32:35,2,9.40122
194,2021-02-10,18:32:37,1,18.482292
195,2021-02-10,18:32:38,4,5.559822
196,2021-02-10,18:32:42,3,7.056312
197,2021-02-10,18:32:45,3,8.450652
198,2021-02-10,18:32:48,2,9.85698
199,2021-02-10,18:32:50,3,6.1227
200,2021-02-10,18:32:53,2,9.456804
201,2021-02-10,18:32:55,2,9.93555
202,2021-02-10,18:32:57,2,9.881694
203,2021-02-10,18:32:59,3,8.053824
204,2021-02-10,18:33:02,2,9.021402
205,2021-02-10,18:33:04,3,8.40978
206,2021-02-10,18:33:07,3,9.768528
207,2021-02-10,18:33:10,4,6.899868
208,2021-02-10,18:33:14,2,9.469872
209,2021-02-10,18:33:16,3,6.75924
210,2021-02-10,18:33:19,3,7.722756
211,2021-02-10,18:33:22,2,10.341792
212,2021-02-10,18:33:24,2,11.095686
213,2021-02-10,18:33:26,2,9.01935
214,2021-02-10,18:33:28,2,9.573102
215,2021-02-10,18:33:30,3,6.549684
216,2021-02-10,18:33:33,3,8.752464
217,2021-02-10,18:33:36,2,9.017478
218,2021-02-10,18:33:38,3,8.034252
219,2021-02-10,18:33:41,2,9.165078
220,2021-02-10,18:33:43,3,7.607724
221,2021-02-10,18:33:46,3,7.129944
222,2021-02-10,18:33:49,4,5.432499
223,2021-02-10,18:33:53,4,5.587767
224,2021-02-10,18:33:57,3,8.185344
225,2021-02-10,18:34:00,3,7.082892
226,2021-02-10,18:34:03,3,6.002316
227,2021-02-10,18:34:06,4,4.96314
228,2021-02-10,18:34:10,4,4.59036
229,2021-02-10,18:34:14,3,7.167024
230,2021-02-10,18:34:17,3,8.031
231,2021-02-10,18:34:20,3,8.020368
232,2021-02-10,18:34:23,4,5.729355
233,2021-02-10,18:34:27,3,6.004692
234,2021-02-10,18:34:30,4,6.350094
235,2021-02-10,18:34:34,3,8.500452
236,2021-02-10,18:34:37,4,5.378157
237,2021-02-10,18:34:41,3,6.417672
238,2021-02-10,18:34:44,3,8.591124
239,2021-02-10,18:34:47,2,9.585756
240,2021-02-10,18:34:49,2,9.10098
241,2021-02-10,18:34:51,3,8.851824
242,2021-02-10,18:34:54,3,7.674996
243,2021-02-10,18:34:57,2,10.128978
244,2021-02-10,18:34:59,3,7.460724
245,2021-02-10,18:35:02,4,5.25438
246,2021-02-10,18:35:06,5,3.7925784
247,2021-02-10,18:35:11,3,7.191096
248,2021-02-10,18:35:14,2,11.325744
249,2021-02-10,18:35:16,2,9.095112
250,2021-02-10,18:35:18,3,7.813236
251,2021-02-10,18:35:21,3,6.218388
252,2021-02-10,18:35:24,3,6.150012
253,2021-02-10,18:35:27,4,5.629761
254,2021-02-10,18:35:31,3,6.30282
255,2021-02-10,18:35:34,3,6.569496
256,2021-02-10,18:35:37,4,5.446107
257,2021-02-10,18:35:41,4,4.810545
258,2021-02-10,18:35:45,4,4.770027
259,2021-02-10,18:35:49,4,5.348043
260,2021-02-10,18:35:53,4,5.014134
261,2021-02-10,18:35:57,4,5.368527
262,2021-02-10,18:36:01,6,3.559248
263,2021-02-10,18:36:07,3,6.16782
264,2021-02-10,18:36:10,3,6.90972
265,2021-02-10,18:36:13,4,5.784642
266,2021-02-10,18:36:17,4,4.944078
267,2021-02-10,18:36:21,4,5.356647
268,2021-02-10,18:36:25,3,6.518268
269,2021-02-10,18:36:28,3,6.018096
270,2021-02-10,18:36:31,4,5.429565
271,2021-02-10,18:36:35,4,5.236272
272,2021-02-10,18:36:39,3,6.17658
273,2021-02-10,18:36:42,4,4.75848
274,2021-02-10,18:36:46,2,9.298674
275,2021-02-10,18:36:48,2,11.205216
276,2021-02-10,18:36:50,2,9.934704
277,2021-02-10,18:36:52,2,10.50039
278,2021-02-10,18:36:54,3,9.45528
279,2021-02-10,18:36:57,2,9.32787
280,2021-02-10,18:36:59,2,10.44117
281,2021-02-10,18:37:01,2,14.5674
282,2021-02-10,18:37:03,2,13.899852
283,2021-02-10,18:37:05,2,13.188744
284,2021-02-10,18:37:07,2,9.235044
285,2021-02-10,18:37:09,2,11.549268
286,2021-02-10,18:37:11,3,7.351236
287,2021-02-10,18:37:14,3,8.553996
288,2021-02-10,18:37:17,2,9.099054
289,2021-02-10,18:37:19,1,20.669616
290,2021-02-10,18:37:20,3,6.091812
291,2021-02-10,18:37:23,3,7.695768
292,2021-02-10,18:37:26,3,8.158704
293,2021-02-10,18:37:29,2,9.076482
294,2021-02-10,18:37:31,4,5.222826
295,2021-02-10,18:37:35,3,7.131576
296,2021-02-10,18:37:38,2,9.245916
297,2021-02-10,18:37:40,2,9.106308
298,2021-02-10,18:37:42,2,13.168566
299,2021-02-10,18:37:44,3,9.414816
300,2021-02-10,18:37:47,2,10.74204
301,2021-02-10,18:37:49,2,10.16109
302,2021-02-10,18:37:51,1,20.262996
303,2021-02-10,18:37:52,3,10.092636
304,2021-02-10,18:37:55,2,12.711474
305,2021-02-10,18:37:57,2,13.814712
306,2021-02-10,18:37:59,2,11.454498
307,2021-02-10,18:38:01,2,11.6856
308,2021-02-10,18:38:03,2,10.753002
309,2021-02-10,18:38:05,2,12.652416
310,2021-02-10,18:38:07,2,12.60612
311,2021-02-10,18:38:09,2,12.005964
312,2021-02-10,18:38:11,2,12.091338
313,2021-02-10,18:38:13,2,10.627848
314,2021-02-10,18:38:15,2,11.556738
315,2021-02-10,18:38:17,2,10.179414
316,2021-02-10,18:38:19,2,11.90061
317,2021-02-10,18:38:21,2,11.715552
318,2021-02-10,18:38:23,2,13.247892
319,2021-02-10,18:38:25,2,12.402108
320,2021-02-10,18:38:27,2,12.136374
321,2021-02-10,18:38:29,2,9.42048
322,2021-02-10,18:38:31,3,8.174376
323,2021-02-10,18:38:34,2,9.173484
324,2021-02-10,18:38:36,3,7.838388
325,2021-02-10,18:38:39,4,5.858631
326,2021-02-10,18:38:43,3,8.454996
327,2021-02-10,18:38:46,2,9.655344
328,2021-02-10,18:38:48,3,8.502936
329,2021-02-10,18:38:51,3,6.791136
330,2021-02-10,18:38:54,3,7.606152
331,2021-02-10,18:38:57,3,7.3356
332,2021-02-10,18:39:00,3,6.694236
333,2021-02-10,18:39:03,3,6.0423
334,2021-02-10,18:39:06,3,7.426152
335,2021-02-10,18:39:09,4,4.542426
336,2021-02-10,18:39:13,4,5.062491
337,2021-02-10,18:39:17,3,7.041828
338,2021-02-10,18:39:20,3,6.103896
339,2021-02-10,18:39:23,0,inf
340,2021-02-10,18:39:23,3,3.754896
341,2021-02-10,18:39:26,2,6.86367
342,2021-02-10,18:39:28,3,7.457268
343,2021-02-10,18:39:31,2,11.808216
344,2021-02-10,18:39:33,3,6.723468
345,2021-02-10,18:39:36,2,14.412672
346,2021-02-10,18:39:38,3,7.334112
347,2021-02-10,18:39:41,2,15.670044
348,2021-02-10,18:39:43,3,6.511044
349,2021-02-10,18:39:46,3,2.702148
350,2021-02-10,18:39:49,2,5.58072
351,2021-02-10,18:39:51,3,4.950276
352,2021-02-10,18:39:54,2,4.015836
353,2021-02-10,18:39:56,3,0.864096
354,2021-02-10,18:39:59,2,1.827954
355,2021-02-10,18:40:01,3,2.601228
356,2021-02-10,18:40:04,2,6.863274
357,2021-02-10,18:40:06,3,6.187656
358,2021-02-10,18:40:09,3,4.575096
359,2021-02-10,18:40:12,2,6.902046
360,2021-02-10,18:40:14,3,5.03298
361,2021-02-10,18:40:17,2,22.36032
362,2021-02-10,18:40:19,3,8.098308
363,2021-02-10,18:40:22,2,10.3311
364,2021-02-10,18:40:24,3,7.422348
365,2021-02-10,18:40:27,2,6.267024
366,2021-02-10,18:40:29,3,7.780944
367,2021-02-10,18:40:32,3,8.36106
368,2021-02-10,18:40:35,2,18.47574
369,2021-02-10,18:40:37,3,8.543616
370,2021-02-10,18:40:40,2,9.230904
371,2021-02-10,18:40:42,3,8.2359
372,2021-02-10,18:40:45,2,12.607812
373,2021-02-10,18:40:47,3,12.36708
374,2021-02-10,18:40:50,2,12.52908
375,2021-02-10,18:40:52,3,6.509568
376,2021-02-10,18:40:55,3,7.467684
377,2021-02-10,18:40:58,2,24.40008
378,2021-02-10,18:41:00,3,7.035936
379,2021-02-10,18:41:03,2,7.047432
380,2021-02-10,18:41:05,3,11.718504
381,2021-02-10,18:41:08,2,15.34986
382,2021-02-10,18:41:10,3,5.26866
383,2021-02-10,18:41:13,2,13.063266
384,2021-02-10,18:41:15,3,8.280012
385,2021-02-10,18:41:18,3,8.371116
386,2021-02-10,18:41:21,2,12.819312
387,2021-02-10,18:41:23,3,13.04724
388,2021-02-10,18:41:26,2,17.443062
389,2021-02-10,18:41:28,3,7.9746
390,2021-02-10,18:41:31,2,13.28454
391,2021-02-10,18:41:33,3,7.279452
392,2021-02-10,18:41:36,2,11.27376
393,2021-02-10,18:41:38,3,6.854796
394,2021-02-10,18:41:41,2,10.677438
395,2021-02-10,18:41:43,3,8.030856
396,2021-02-10,18:41:46,3,12.72192
397,2021-02-10,18:41:49,2,11.359494
398,2021-02-10,18:41:51,3,6.823068
399,2021-02-10,18:41:54,2,11.775924
400,2021-02-10,18:41:56,3,8.892672
401,2021-02-10,18:41:59,2,13.646934
402,2021-02-10,18:42:01,3,10.912536
403,2021-02-10,18:42:04,2,7.386408
404,2021-02-10,18:42:06,3,7.201284
405,2021-02-10,18:42:09,3,8.465544
406,2021-02-10,18:42:12,2,9.14058
407,2021-02-10,18:42:14,3,4.777764
408,2021-02-10,18:42:17,2,23.81166
409,2021-02-10,18:42:19,3,5.664828
410,2021-02-10,18:42:22,2,9.856548
411,2021-02-10,18:42:24,3,8.808
412,2021-02-10,18:42:27,2,9.061974
413,2021-02-10,18:42:29,3,9.775824
414,2021-02-10,18:42:32,3,15.94848
415,2021-02-10,18:42:35,2,13.188312
416,2021-02-10,18:42:37,3,5.725668
417,2021-02-10,18:42:40,2,10.380978
418,2021-02-10,18:42:42,3,7.551564
419,2021-02-10,18:42:45,2,17.955828
420,2021-02-10,18:42:47,3,10.029432
421,2021-02-10,18:42:50,2,22.44816
422,2021-02-10,18:42:52,3,8.17212
423,2021-02-10,18:42:55,3,8.513148
424,2021-02-10,18:42:58,2,11.864988
425,2021-02-10,18:43:00,3,6.734124
426,2021-02-10,18:43:03,2,12.384774
427,2021-02-10,18:43:05,3,7.123308
428,2021-02-10,18:43:08,2,12.696048
429,2021-02-10,18:43:10,3,8.136288
430,2021-02-10,18:43:13,2,10.457154
431,2021-02-10,18:43:15,3,7.959768
432,2021-02-10,18:43:18,13,1.61630307692
433,2021-02-10,18:43:31,2,12.379338
434,2021-02-10,18:43:33,11,2.09304327273
435,2021-02-10,18:43:44,2,12.671586
436,2021-02-10,18:43:46,3,11.50494
437,2021-02-10,18:43:49,2,12.1149
438,2021-02-10,18:43:51,3,6.26628
439,2021-02-10,18:43:54,2,11.355858
440,2021-02-10,18:43:56,3,4.073604
441,2021-02-10,18:43:59,2,8.4339
442,2021-02-10,18:44:01,3,6.23082
443,2021-02-10,18:44:04,2,10.013616
444,2021-02-10,18:44:06,3,4.125648
445,2021-02-10,18:44:09,3,3.294432
446,2021-02-10,18:44:12,2,11.136114
447,2021-02-10,18:44:14,12,1.537452
448,2021-02-10,18:44:26,2,9.266778
449,2021-02-10,18:44:28,6,3.871524
